publisher,size,closed,oa
Elsevier BV,39369,24967,14402
Ovid Technologies (Wolters Kluwer Health),1710,1245,465
Cambridge University Press (CUP),1052,428,624
Springer Science and Business Media LLC,13344,4908,8436
EDP Sciences,2352,177,2175
Association scientifique et technique pour l'eau et l'environnement,41,36,5
American Society of Civil Engineers (ASCE),66,49,17
AIP Publishing,858,302,556
Informa UK Limited,3278,1906,1372
IOP Publishing,1752,444,1308
Oxford University Press (OUP),3673,663,3010
The Royal Society,205,1,204
American Physical Society (APS),2114,203,1911
Institute of Electrical and Electronics Engineers ,7257,4544,2713
Wiley,8700,4236,4464
Acoustical Society of America (ASA),162,114,48
American Association for the Advancement of Science (AAAS),256,23,233
Pleiades Publishing Ltd,122,93,29
BMJ,636,224,412
Radiological Society of North America (RSNA),36,1,35
Open Book Publishers,4,0,4
SAGE Publications,1260,741,519
European Respiratory Society (ERS),151,2,149
Institute of Mathematical Statistics,81,1,80
The Company of Biologists,123,0,123
"Institute of Physics, Polish Academy of Sciences",15,0,15
Environmental Health Perspectives,18,6,12
Public Library of Science (PLoS),1205,0,1205
Brepols Publishers NV,61,54,7
Walter de Gruyter GmbH,523,243,280
"Institute of Europe, Russian Academy of Sciences (IERAS)",13,0,13
University of California Press,29,11,18
"Institute of Electronics, Information and Communications Engineers (IEICE)",1,0,1
John Libbey Eurotext,228,216,12
International Society for Horticultural Science (ISHS),11,5,6
Uopen Journals,21,0,21
Brill,196,146,50
The Publishing Group Jurist,6,0,6
Universidad Nacional de La Pampa,18,0,18
AME Publishing Company,267,102,165
Coastal Education and Research Foundation,31,24,7
ISTE OpenScience,32,2,30
The Bulletin of Zoological Nomenclature,5,5,0
Future Medicine Ltd,77,46,31
House of Scientific Research,2,0,2
American Diabetes Association,134,77,57
LLC Russian Science,28,0,28
University of Alberta Libraries,9,0,9
AMUB/Revue Medicale de Bruxelles,3,0,3
Lavoisier,552,409,143
American Dairy Science Association,59,0,59
Swiss Forestry Society,2,0,2
LLC MORION,5,0,5
Bangladesh Journals Online (JOL),4,0,4
Frontiers Media SA,1901,0,1901
MDPI AG,2326,0,2326
Georg Thieme Verlag KG,428,280,148
"SLACK, Inc.",5,3,2
OpenEdition,4246,1038,3208
Europa Digital & Publishing,32,17,15
,990,542,448
University Nove de Julho,4,0,4
American Chemical Society (ACS),2390,1348,1042
Cold Spring Harbor Laboratory,1462,3,1459
Geological Society of London,35,19,16
American Association for Cancer Research (AACR),115,2,113
American Society of Hematology,584,5,579
UN,2855,2760,95
Anticancer Research USA Inc.,17,9,8
WIT Press,15,0,15
American Astronomical Society,474,18,456
Copernicus GmbH,1127,19,1108
"John Wiley & Sons, Ltd",116,109,7
American Society for Microbiology,336,2,334
Laeknabladid/The Icelandic Medical Journal,22,0,22
Bentham Science Publishers Ltd.,258,114,144
American Society of Neuroradiology (ASNR),29,0,29
European Mathematical Society Publishing House,158,33,125
Nordic Council of Ministers,293,287,6
Emerald,402,306,96
The Optical Society,447,194,253
"Impact Journals, LLC",194,0,194
IUCN,234,233,1
American Mathematical Society (AMS),143,7,136
JMIR Publications Inc.,117,3,114
The World Academy of Research in Science and Engineering,1,0,1
Proceedings of the National Academy of Sciences,242,0,242
Society for Industrial and Applied Mathematics,9,0,9
Mineralogical Society,11,9,2
American Society of Clinical Oncology (ASCO),666,558,108
"MedCrave Group, LLC",44,0,44
TathQeef Scientific Publishing,1,0,1
American Institute of Aeronautics and Astronautics (AIAA),46,15,31
Edizioni Ca' Foscari,10,0,10
Science Trends,26,23,3
Sciencedomain International,38,25,13
SPIE-Intl Soc Optical Eng,46,15,31
Bioscientifica,142,67,75
Latvia University of Life Sciences and Technologies. Faculty of Economics and Social Development,5,0,5
John Benjamins Publishing Company,152,129,23
Microbiology Society,67,0,67
SPIE,1132,813,319
United Nations Publications,1030,967,63
Valley International,34,0,34
American Geophysical Union (AGU),688,158,530
American Thoracic Society,64,39,25
Society of Nuclear Medicine,23,1,22
Ferrata Storti Foundation (Haematologica),112,0,112
World Scientific Pub Co Pte Lt,280,114,166
OAE Publishing Inc.,9,0,9
Annual Reviews,41,20,21
Institute for Operations Research and the Management Sciences (INFORMS),52,22,30
Biblioteca Central da UNB,10,0,10
American Society of Tropical Medicine and Hygiene,41,0,41
Springer International Publishing,6084,4433,1651
American Association for Cancer Research,325,290,35
American Society for Biochemistry & Molecular Biology (ASBMB),88,0,88
EMBO,85,0,85
APESC - Associacao Pro-Ensino em Santa Cruz do Sul,1,0,1
Edinburgh University Library,4,0,4
The Journal of Clinical Pediatric Dentistry,1,1,0
"Australian Mathematical Publishing Association, Inc.",3,0,3
Faculty Opinions Ltd,192,187,5
Korean Society of Environmental Engineering,1,0,1
"Faculty of Food and Agriculture, United Arab Emirates University",3,0,3
American Medical Association (AMA),179,50,129
Mary Ann Liebert Inc,202,133,69
Geological Society of America,80,54,26
IOS Press,222,121,101
PeerJ,186,0,186
American Society of Plant Biologists (ASPB),51,0,51
American Society for Clinical Investigation,64,0,64
Librello,1,0,1
American Academy of Pediatrics (AAP),38,0,38
American Society of Nephrology (ASN),21,0,21
AVES Publishing Co.,23,0,23
University of Zagreb Faculty of Civil Engineering,2,2,0
International Union of Crystallography (IUCr),160,39,121
Mathematical Sciences Publishers,61,4,57
IJEES,1,1,0
Routledge,46,45,1
WORLD SCIENTIFIC,107,90,17
University of Chicago Press,47,25,22
Canadian Science Publishing,65,19,46
S. Karger AG,278,132,146
American Meteorological Society,103,10,93
Seismological Society of America (SSA),34,21,13
Juniper Publishers,21,0,21
Universidad Nacional de La Plata,6,0,6
Future Science Ltd,27,14,13
University of Illinois Libraries,4,0,4
Consortium Erudit,457,23,434
Scientific Societies,45,0,45
National Documentation Centre (EKT),15,0,15
Stichting SciPost,28,0,28
American Physiological Society,83,8,75
F1000 Research Ltd,55,0,55
Yale University Press,9,9,0
European Centre for Disease Control and Prevention (ECDC),33,0,33
World Trade Organization,158,151,7
MyJove Corporation,61,0,61
Fordham University Press,61,61,0
American Institute of Aeronautics and Astronautics,116,59,57
Journal of Neurosurgery Publishing Group (JNSPG),43,5,38
University of New Brunswick Libraries - UNB,1,0,1
ESRSA Publications Pvt. Ltd.,4,2,2
ACM Press,605,312,293
IEREK Research Enrichment and Knowledge Exchange,1,0,1
Springer Berlin Heidelberg,229,197,32
The Endocrine Society,58,7,51
Magnolia Press,120,91,29
United Nations,53,53,0
Amsterdam University Press,32,31,1
Dustri-Verlgag Dr. Karl Feistle,15,15,0
Springer Singapore,338,289,49
American Psychiatric Association Publishing,11,1,10
National Academy of Sciences of Ukraine (Co. LTD Ukrinformnauka),25,6,19
Panorama of Brazilian Law,6,0,6
"Faculty of Philology, Lomonosov Moscow State University",1,0,1
Instituto Politecnico de Viseu,1,0,1
Carl Hanser Verlag GmbH & Co. KG,1,1,0
InTech,102,2,100
"eLife Sciences Publications, Ltd",102,0,102
Pontificia Universidad Catolica de Chile,5,1,4
Cambridge University Press,18,12,6
Bezmialem Vakif University,1,0,1
Now Publishers,11,4,7
Instituto de Investigaciones Filologicas,2,0,2
International Journal Of Advanced Research,28,0,28
GSC Online Press,2,0,2
WTO,120,118,2
Pageant Media US,14,13,1
Boydell and Brewer Limited,19,19,0
Institution of Engineering and Technology (IET),54,33,21
Oxford University Press,165,145,20
American Vacuum Society,31,18,13
Society of Rheology,15,0,15
British Medical Journal Publishing Group,43,0,43
BMJ Publishing Group Ltd,125,21,104
Duke University Press,29,15,14
British Institute of Radiology,24,0,24
British Editorial Society of Bone & Joint Surgery,31,10,21
De Gruyter,62,42,20
"Technical University of Kosice, Faculty of Electrical Engineering and Informatics",1,0,1
FapUNIFESP (SciELO),159,0,159
PERSEE Program,44,26,18
International Academy of Business and Economics,3,2,1
IATED,21,15,6
Operative Dentistry,1,1,0
Universidade Lusofona de Humanidades e Tecnologias,1,0,1
ASTES Journal,14,0,14
Ob-Ugric Institute of Applied Researches and Development,1,0,1
Societe de Reanimation de Langue Francaise,68,54,14
Berghahn Books,14,11,3
Centers for Disease Control and Prevention (CDC),65,0,65
Institute for Public Health of the National Academy of Medical Sciences of Ukraine,1,0,1
Franco Angeli,90,85,5
Edinburgh University Press,21,19,2
The National Research and Development Institute for Textiles and Leather,3,0,3
Liverpool University Press,24,22,2
"Trans Tech Publications, Ltd.",83,63,20
INIST-CNRS,76,1,75
Royal College of Physicians,1,0,1
"John Wiley & Sons, Inc.",77,68,9
Rockefeller University Press,55,0,55
Mark Allen Group,30,28,2
Royal College of Psychiatrists,10,1,9
Rural and Remote Health,2,0,2
WORLD SCIENTIFIC (EUROPE),10,10,0
Society for Neuroscience,62,0,62
Fondo Editorial Remington,1,1,0
Sissa Medialab,106,0,106
"CAD Solutions, LLC",5,0,5
Association for Computing Machinery (ACM),193,69,124
LUMEN Publishing House,2,2,0
American College of Physicians,18,15,3
Equinox Publishing,14,12,2
Association for Research in Vision and Ophthalmology (ARVO),85,0,85
Science Publishing Corporation,13,1,12
Center for Open Science,10,2,8
ASME International,84,42,42
Genetics Society of America,25,0,25
American Society for Cell Biology (ASCB),10,0,10
"Universidade de Sao Paulo, Agencia USP de Gestao da Informacao Academica (AGUIA)",35,0,35
Axia Academic Publishers,2,0,2
University of Food Technologies - Plovdiv,1,0,1
National Speleological Society,3,0,3
International Medical Research and Development Corporation,2,0,2
Pensoft Publishers,397,0,397
The American Association of Immunologists,34,0,34
Wildlife Disease Association,6,4,2
Inter-Research Science Center,33,6,27
International Medical Publisher (Fundacion de Neurociencias),1,0,1
Universidade do Estado de Santa Catarina,13,0,13
Maad Rayan Publishing Company,9,0,9
"Physicians Postgraduate Press, Inc",16,11,5
Korean Society of Hazard Mitigation,3,0,3
Massachusetts Medical Society,115,46,69
MIT Press - Journals,44,13,31
IWA Publishing,40,23,17
Instituto Nacional de Salud Publica,3,0,3
Portland Press Ltd.,41,21,20
Botanical Garden Meise,2,1,1
"American Mathematical
                    Society",34,11,23
VM Media SP. zo.o VM Group SK,15,0,15
Universite de Bordeaux,62,1,61
LIDSEN Publishing Inc,24,0,24
Aspect-Oriented Software Association (AOSA),2,0,2
"Museum National d'Histoire Naturelle, Paris, France",70,40,30
Instituto Politecnico Nacional/Centro de Investigacion en Computacion,2,0,2
PNRPU Publishing House,7,3,4
Dr. Yashwant Research Labs Pvt. Ltd.,1,0,1
Polish Botanical Society,2,0,2
Peter Lang B,12,12,0
Sociedad Espanola de Optica,2,0,2
American Association of Physics Teachers (AAPT),7,2,5
Universitas Ahmad Dahlan,8,1,7
Indian Society for Education and Environment,4,0,4
The Oil and Gas Institute - National Research Institute,8,1,7
Chamber of Financial Auditors of Romania,2,0,2
International Hellenic University,6,0,6
Bernoulli Society for Mathematical Statistics and Probability,11,1,10
�ditions Quae,2,0,2
Edward Elgar Publishing,12,8,4
Beilstein Institut,48,0,48
ALife Robotics Corporation Ltd.,4,0,4
International Cardiovascular Forum Journal,1,0,1
Institute of Public Finance,6,0,6
Institut National de la Statistique et des Etudes Economiques (INSEE),8,0,8
UNISINOS - Universidade do Vale do Rio Dos Sinos,5,0,5
Shared Science Publishers OG,13,0,13
Institute of Business Management,3,0,3
Manchester University Press,21,5,16
Wiley-VCH Verlag GmbH & Co. KGaA,40,35,5
Canadian Mathematical Society,9,1,8
Open Publishing Association,36,0,36
"University Library System, University of Pittsburgh",15,0,15
"Rubber Division, ACS",1,1,0
WARC Limited,2,2,0
Greener Journals,6,0,6
BMJ Publishing Group Ltd and European League Against Rheumatism,352,3,349
Fundaci� Scito,1,1,0
Journal of Infection in Developing Countries,4,0,4
National Society for Cutaneous Medicine,1,0,1
The Korean Audiological Society,1,0,1
PAGEPress Publications,36,1,35
The Faculty of Law in Split,2,0,2
International Information and Engineering Technology Association,18,4,14
Korean Society for Parasitology,1,0,1
MultiMed Inc.,4,0,4
Italian Society of Sivilculture and Forest Ecology (SISEF),7,0,7
Journal of the Physical Society of Japan,16,0,16
Presses de l�Universit� Toulouse 1 Capitole,11,9,2
Presses universitaires du Septentrion,152,145,7
IGI Global,49,24,25
AACN Publishing,1,1,0
Offshore Technology Conference,4,4,0
"Institute of Mathematics, Polish Academy of Sciences",29,4,25
SciELO Agencia Nacional de Investigacion y Desarrollo (ANID),28,0,28
Universidad Catolica del Norte - Chile,1,0,1
Medknow,72,12,60
Scientific Scholar,5,0,5
ACM,441,188,253
SAGE Publications Ltd,4,2,2
OMICS Publishing Group,394,47,347
Norwegian Society of Automatic Control,1,0,1
"Scientific Research Publishing, Inc.",175,0,175
"Scientific Research Publishing, Inc,",7,0,7
Genetics and Molecular Research,1,0,1
"Meteo et Climat, Societe Francaise de la Meteorologie et du Climat",14,13,1
International Press of Boston,53,7,46
"Medicina Oral, S.L.",6,0,6
Uniwersytet Jagiellonski - Wydawnictwo Uniwersytetu Jagiellonskiego,9,0,9
Royal College of Physicians of Edinburgh,6,0,6
Desalination Publications,14,14,0
Jaypee Brothers Medical Publishing,8,2,6
Korean Dermatological Association and The Korean Society for Investigative Dermatology,1,1,0
Bloomsbury Publishing plc,1,1,0
Arc Humanities Press,15,11,4
Termedia Sp. z.o.o.,6,1,5
Editions Paralia,77,0,77
SCITEPRESS - Science and Technology Publications,263,20,243
Growing Science,6,0,6
"Ubiquity Press, Ltd.",79,2,77
SynthesisHub Advance Scientific Research,1,0,1
Edorium Journals Pvt. Ltd.,1,0,1
AITO - Association Internationale pour les Technologies Objets,1,0,1
Journal of Singularities,8,4,4
ScopeMed Publishing,5,1,4
Smithsonian Institution,3,3,0
Jagiellonian University,17,4,13
Japan Atherosclerosis Society,1,0,1
Croatian Chemical Society,2,0,2
International Union Against Tuberculosis and Lung Disease,47,22,25
"Resilience Alliance, Inc.",12,0,12
Cellule MathDoc/CEDRAM,27,0,27
Philosophy Documentation Center,5,4,1
Diva Enterprises Private Limited,4,4,0
Digital Information Research Foundation,2,1,1
Universitat Jaume I,11,0,11
Ivanovo State University of Chemistry and Technology,4,0,4
Japan International Research Center for Agricultural Sciences,1,0,1
Ivyspring International Publisher,38,0,38
"Faculty of Mathematics, Computer Science and Econometrics, University of Zielona Gora",6,0,6
Jurnalul de Chirurgie (Journal of Surgery),2,0,2
Universidad de los Andes,21,0,21
AGHU University of Science and Technology Press,2,0,2
Akademizdatcenter Nauka,13,12,1
U.S. Global Change Research Program,10,9,1
Kafkas University,2,0,2
Universitaet Innsbruck - Innsbruck University Press,2,0,2
CIRAD (Centre de Cooperation Internationale en Recherche Agronomique Pour le Developpement),22,0,22
National Inquiry Services Center (NISC),8,5,3
Modestum Limited,6,0,6
Betasciencepress Publishing,2,0,2
Radiation Research Society,8,4,4
American Academy of Dental Sleep Medicine,1,0,1
Current Science Association,12,2,10
Lahikuva,1,0,1
The Science Breaker,3,0,3
African Journals Online (AJOL),8,0,8
DEStech Publications,2,0,2
Kowsar Medical Institute,8,0,8
Cordoba University Press (UCOPress),9,0,9
McGill University Library and Archives,3,0,3
The Scientific and Technological Research Council of Turkey,8,0,8
Physical Society of Japan,11,4,7
SETCOR Conferences and Events,10,0,10
"EMH Swiss Medical Publishers, Ltd.",8,0,8
Office of Scientific and Technical Information  (OSTI),9,1,8
"International Scientific Information, Inc.",12,0,12
"Madridge Publishers, LLC",2,0,2
Brill | Rodopi,16,16,0
Information Society Research,2,0,2
Asian Australasian Association of Animal Production Societies,5,0,5
Baishideng Publishing Group Inc.,44,0,44
Universidad Carlos III de Madrid,7,0,7
�ditions de la Maison des sciences de l�homme,2,2,0
Praise Worthy Prize,15,15,0
Penerbit Universiti Kebangsaan Malaysia (UKM Press),2,0,2
Universidad de Zaragoza,27,2,25
Czech Society of Cardiology,2,0,2
Avestia Publishing,17,0,17
American Scientific Publishers,20,16,4
American Economic Association,23,1,22
INOITs ALMAVEST Ltd.,1,1,0
ESG,13,0,13
Marwah Infotech,7,0,7
Pacific Science,2,2,0
Allerton Press,19,16,3
Duncker & Humblot GmbH,3,3,0
Pacific Coast Entomological Society,1,1,0
Academy of Management,106,91,15
Sociedad Argentina de Pediatria,1,0,1
SAE International,29,18,11
Radcliffe Cardiology,2,0,2
In Quarto - Editions EMS,17,13,4
The Electrochemical Society,84,65,19
Commonwealth,34,34,0
Commonwealth Secretariat,34,33,1
Knowledge E,16,0,16
SEPM (Society for Sedimentary Geology),1,1,0
BRILL,32,9,23
SciDoc Publishers LLC,9,0,9
World Scientific,1,0,1
University of Virginia Press,1,1,0
Hong Kong Academy of Medicine Press,6,0,6
Asociacion Fisica Argentina,2,0,2
"John Wiley & Sons, Inc",1,1,0
Universidad Nacional Autonoma de Mexico,8,0,8
CRC Press,16,12,4
American Society for Pharmacology & Experimental Therapeutics (ASPET),15,0,15
"Cureus, Inc.",9,0,9
Fundacao Universidade Regional de Blumenau,1,0,1
Journal of Eastern European and Central Asian Research,2,0,2
Babes-Bolyai University,26,2,24
RumeliDE Dil ve Edebiyat Arastirmalari Dergisi,1,0,1
WHO Press,6,0,6
Swiss Chemical Society,5,3,2
Spandidos Publications,25,0,25
University of Duhok,1,0,1
Berdiansk State Pedagogical University,3,0,3
Bonoi Science Advancement and Education LLC,12,0,12
"European Scientific Institute, ESI",12,0,12
SAE Publications,1,0,1
Hanzehogeschool Groningen University of Applied Sciences,1,0,1
Kyiv National University of Construction and Architecture,1,0,1
The Korean Powder Metallurgy Institute,1,1,0
The Korean Society of Marine Environment and Safety,3,3,0
Royal Society of Chemistry (RSC),1539,845,694
Institution of Engineering and Technology,54,43,11
Palgrave Macmillan UK,17,15,2
Author(s),249,114,135
CSIRO Publishing,70,43,27
ARGESIM Publisher Vienna,1,0,1
CIC Edizioni Internazionali,1,0,1
Acoustical Society of America,11,0,11
Schweizerbart,26,11,15
Society for Industrial & Applied Mathematics (SIAM),102,8,94
Hindawi Limited,338,0,338
Pan African Medical Journal,33,0,33
Russian Psychological Society,1,0,1
Longdom Group,3,1,2
Editorial Universidad de Sevilla,9,0,9
Japanese Society of Toxicologic Pathology,1,0,1
River Publishers,5,2,3
Bristol University Press,5,3,2
Project Muse,39,31,8
OSA,395,322,73
UPV/EHU Press,14,4,10
Sociedade Brasileira de Telecomunica��es,1,0,1
Asian Journal of Chemistry,4,0,4
Springer New York,395,338,57
Springer London,3,3,0
Springer US,30,28,2
J.B. Metzler,5,5,0
Springer Fachmedien Wiesbaden,49,43,6
Springer Japan,10,9,1
Springer Netherlands,80,74,6
Elsevier,639,599,40
American Chemical Society,21,18,3
Hogrefe Publishing Group,24,19,5
Royal Society of Chemistry,7,5,2
International Association of Building Physics (IABP),3,0,3
"Institute of Thermomechanics, AS CR, v.v.i.",2,0,2
Michigan State University,24,0,24
Aging and Disease,8,0,8
ALTEX Edition,6,0,6
Editorial Universidad Catolica de Colombia,3,0,3
Brepols Publishers,32,30,2
Inderscience Publishers,118,57,61
Indiana University Mathematics Journal,2,1,1
Forschungsinstitut zur Zukunft der Arbeit GmbH,3,0,3
ASTM International,25,17,8
University of Bialystok,1,0,1
Radcliffe Group Ltd,16,0,16
Gem-A,2,2,0
Institute for System Programming of the Russian Academy of Sciences,1,0,1
Akademiai Kiado Zrt.,19,3,16
The University of Agriculture in Krakow,7,0,7
Universidad de Navarra,7,0,7
Makale Sistemi/Geomes,1,1,0
"Open Access Text Pvt, Ltd.",33,0,33
Association of American Medical Colleges,13,0,13
Ural Federal University,8,0,8
Begell House,40,28,12
Begellhouse,42,36,6
Mohr Siebeck,7,5,2
Statistics and Probability African Society (SPAS),9,1,8
Stockholm University Press,10,0,10
Open Library of the Humanities,12,0,12
Jyvaskyla University Open Science Centre,2,1,1
Perm State University (PSU),6,1,5
Faculty of Food Technology and Biotechnology - University of Zagreb,4,0,4
Media Sphere Publishing Group,6,1,5
Juta and Company (Pty) Ltd,3,0,3
Academy of Science of South Africa,9,0,9
"National Research University, Higher School of Economics (HSE)",5,0,5
Chinese Journal of Plant Ecology,4,0,4
Universidad de Antioquia,5,0,5
History of the Earth Sciences Society,2,2,0
Audio Engineering Society,1,0,1
The Society of Digital Information and Wireless Communications (SDIWC),4,4,0
Prompt Scientific Publishing,10,0,10
Institute of Biochemistry,1,0,1
EJournal Publishing,16,0,16
Policy Studies Organization,2,2,0
Towarzystwo Naukowe KUL,6,0,6
Progress in Geography,2,2,0
"Faculty of Philology, University of Belgrade",3,0,3
Saratov State University,12,0,12
Journal of Artificial Societies and Social Simulation,8,0,8
Association for Computational Linguistics,90,0,90
Inovatus Usluge d.o.o.,6,6,0
Uniwersytet Lodzki (University of Lodz),7,0,7
Wydawnictwo Uniwersytetu Łódzkiego,18,0,18
CIRAD,1,0,1
Geologica Belgica,4,0,4
Hellenic Society of Gastroenterology,5,0,5
Sai Scientific Communications,1,0,1
SBA Sociedade Brasileira de Automática,3,2,1
Edicions de la Universitat de Lleida,1,0,1
Society of Petroleum Engineers,13,13,0
Sumy State University,12,2,10
"Faculty of Mechanical Engineering and Naval Architecture, University of Zagreb, Croatia; The Design Society, Glasgow, UK",10,0,10
Tomsk State University of Control Systems and Radioelectronics (TUSUR),1,0,1
"Exeley, Inc.",1,0,1
Penerbit Universiti Sains Malaysia,7,0,7
Mineralogical Society of America,24,13,11
Colegio Brasileiro de Reproducao Animal - CBRA,2,0,2
Pontifícia Universidade Católica do Rio de Janeiro,2,0,2
Lexxion Verlag,6,6,0
QIRT Council,17,0,17
Applied Mathematics and Mechanics,1,0,1
Water Environment Federation,15,15,0
"Bio-Protocol, LLC",26,14,12
Caister Academic Press,5,1,4
Dagestan State University,2,0,2
National Medical Research Radiological Centre,3,0,3
Ioffe Institute Russian Academy of Sciences,30,0,30
CA: Journal of Cultural Analytics,2,0,2
Cryogenic Association of Japan,1,0,1
Peoples' Friendship University of Russia,4,0,4
University of Latvia,8,0,8
LU Akadēmiskais apgāds,2,0,2
The Russian Presidential Academy of National Economy and Public Administration,14,0,14
А. M. Gorky Institute of World Literature of the Russian Academy of Sciences,13,0,13
National Library of Serbia,3,0,3
Japan Institute of Metals,4,0,4
Acta Dermato-Venereologica,31,0,31
Society for Imaging Science & Technology,9,4,5
"Institute of Archaeology and Ethnology, Polish Academy of Sciences",1,1,0
"Scipedia, S.L.",1,0,1
Fondazione Vasculab impresa sociale ONLUS,1,0,1
Societe Mathematique de France,7,1,6
Institute of Island Studies,2,0,2
Federal Reserve Bank of Dallas,6,0,6
Transstellar Journal Publications and Research Consultancy Private Limited,25,0,25
Japanese Society of Tribologists,2,0,2
MGIMO University,5,0,5
National Institute of Industrial Health,2,0,2
FSAEIHE Far Eastern Federal University (FEFU),1,0,1
"International Commission on Illumination, CIE",10,9,1
University of La Laguna,14,0,14
Sift Desk,5,0,5
Servicio de Publicaciones de la Universidad de Cadiz,4,0,4
EMW Publishing,8,0,8
MIS Quarterly,1,0,1
LLC Obyedinennaya Redaktsiya,1,0,1
i-manager Publications,2,2,0
Zaporizhzhia National University,13,6,7
World Health Organization Regional Office for the Eastern Mediterranean (WHO/EMRO),9,0,9
CEMADES,7,0,7
Coquina Press,8,0,8
BioAxis DNA Research Centre,7,0,7
"Collegium Medicum, University of Warmia and Mazury",4,0,4
Politechnika Slaska - Silesian University of Technology,20,0,20
Academic World Research,20,0,20
Kharkiv National University of Civil Engineering and Architecture,1,0,1
Earthquake Science,1,0,1
Wildlife Biology,3,0,3
Atlantis Press,25,16,9
Publishing House “Baltija Publishing”,4,0,4
"Faculty of Journalism, Lomonosov Moscow State University",2,2,0
Institute of Cinema and Television,1,0,1
OAIMDD - EcoZone Publishing House,6,0,6
Humanist Publishing House,4,0,4
Institute of History and Archaeology of Ural Branch of Russian Academy of Science,1,0,1
Asia-Pacific Network for Global Change Research,2,0,2
Asociatia de Geografie,2,0,2
Volcanica,2,0,2
FSBEI HE Mari State University,2,0,2
China Geology,1,0,1
FSBEI HE Far Eastern State Transport University (FESTU),1,0,1
Kabardino-Balkarian State University,1,0,1
GI KSC RAS,1,0,1
"Iowa State University, Digital Press",9,0,9
EPD Mukachevo State University,8,0,8
"Department of Polymer Engineering, Scientific Society of Mechanical Engineering",6,0,6
"Computers, Materials and Continua (Tech Science Press)",22,14,8
Institute of Image Information and Television Engineers,1,0,1
Sretechjournal Publication,1,0,1
SHEI Ukrainian State University of Chemical Technology,1,0,1
Institute of World History Russian Academy of Science,2,0,2
Consorci del Museu de Ciencies Naturals de Barcelona,4,0,4
Ulyanovsk State Pedagogical University,1,0,1
The National and University Library of Iceland,1,0,1
The Korean Society of Radiology,1,0,1
"Institute of Systematics and Evolution of Animals, Polish Academy of Sciences",1,0,1
CAIRN,5786,5418,368
C.N.R.S. Editions,5,5,0
EMS Editions,126,126,0
ERES,139,138,1
Association Internationale de management strategique (AIMS),22,0,22
Éditions Perrin,8,8,0
American Institute of Mathematical Sciences (AIMS),242,1,241
The Econometric Society,4,0,4
Accademia University Press,20,3,17
Alpara,6,6,0
Collège de France,34,20,14
Publicações do Cidehus,3,3,0
Centre Jacques-Berque,10,9,1
Éditions du Comité des travaux historiques et scientifiques,27,0,27
Demopolis,41,39,2
Éditions de l’École des hautes études en sciences sociales,16,14,2
Éditions de la Maison des sciences de l’homme,32,24,8
Éditions Rue d’Ulm,7,7,0
ENS Éditions,23,12,11
Presses de l’Ifpo,5,3,2
Éditions de l’IHEAL,22,16,6
IRD Éditions,25,18,7
Publications scientifiques du Muséum,20,20,0
MOM Éditions,31,0,31
Presses de l’enssib,16,15,1
Presses de l’Inalco,5,0,5
Presses Universitaires de Bordeaux,18,18,0
Presses universitaires François-Rabelais,27,0,27
Presses universitaires de Provence,1,0,1
Presses universitaires de Perpignan,2,2,0
Presses universitaires de Rennes,92,57,35
Presses universitaires de Strasbourg,32,32,0
Presses de l’Université Saint-Louis,6,0,6
Presses de l’Université Toulouse 1 Capitole,42,32,10
Trace (Travaux et Recherches dans les Ameriques du Centre),52,0,52
University of Michigan Library,2,0,2
Universidad Castilla la Mancha,1,0,1
Revista Latinoamericana de Investigacion en Matematica Educativa (RELIME),3,0,3
Wroclaw Medical University,1,0,1
Global Research & Development Services,2,0,2
Antiquity Publications,20,5,15
Laser Institute of America,1,0,1
Institut za Savremenu Istoriju,3,0,3
The Journal of Rheumatology,20,11,9
Finnish Academy of Science and Letters,4,0,4
International Association for Sharing Knowledge and Sustainability,2,0,2
John Wiley & Sons Ltd,23,15,8
The Angle Orthodontist (EH Angle Education & Research Foundation),1,0,1
International Ocean Discovery Program,5,0,5
AACE Corp (American Association of Clinical Endocrinologists),1,1,0
CISP Journal Services,1,0,1
University of Primorska Press,4,0,4
Universidade do Sul de Santa Catarina - UNISUL,1,0,1
Wageningen Academic Publishers,21,14,7
University of Ottawa Library,1,0,1
Verein zur Forderung des Open Access Publizierens in den Quantenwissenschaften,6,0,6
American Society of Mechanical Engineers,204,157,47
Society of Exploration Geophysicists,30,18,12
"ZappyLab, Inc.",31,30,1
Puspa Publishing House,5,0,5
South African Medical Association NPC,2,0,2
Emerald Publishing Limited,15,13,2
"Pro Reitoria de Pesquisa, Pos Graduacao e Inovacao - UFF",3,0,3
International Association of Online Engineering (IAOE),3,0,3
White Rose University Press,3,0,3
Herald Scholarly Open Access,21,0,21
"Biomedical Research Network, LLC",16,0,16
Athens Institute for Education and Research ATINER,4,0,4
Leibniz-Institute for Psychology Information (ZPID),3,0,3
Vilnius University Press,3,0,3
Copenhagen Business School,1,0,1
Fundació Scito,27,23,4
Medip Academy,6,0,6
Peer Community In,13,0,13
Institucio Alfons el Magnanim,8,0,8
Croatian Geological Survey,1,0,1
Universidad Complutense de Madrid (UCM),19,0,19
"Parenteral Drug Association, Inc.",4,3,1
Egypts Presidential Specialized Council for Education and Scientific Research,9,0,9
Institute of Navigation,6,2,4
Iris Publishers LLC,4,0,4
Editorial de la Facultad de Filosofia y Letras - Universidad de Buenos Aires,3,0,3
Geobalcanica Society,6,0,6
Universidade Federal do Triangulo Minero,1,0,1
Asociatia Geograhia Technica,1,0,1
Transnational Press London,1,1,0
Universitat Politecnica de Valencia,7,0,7
Korean Association for the Study of Intestinal Diseases,3,0,3
Korea Society of Environment and Ecology,4,4,0
Universidad Nacional del Litoral,7,0,7
The World Bank,7,7,0
Thomas Telford Ltd.,40,24,16
The Korea Society of Aesthetics and Science of Art,1,1,0
ANU Press,5,0,5
Advanced Research Publications,9,7,2
Universitas Islam Sultan Agung,1,0,1
Nepal Journals Online (JOL),5,0,5
Universitat Autonoma de Barcelona,19,0,19
Pontificia Universidade Catolica de Minas Gerais,1,0,1
Museum National D'Histoire Naturelle,11,0,11
"Blay Publishers, LLC",1,0,1
Intellect,16,15,1
Past Global Changes (PAGES),9,0,9
University of Toronto Press Inc. (UTPress),37,33,4
Canadian Society of Hospital Pharmacists (CSHP),2,0,2
Czech University of Life Sciences Prague,1,0,1
The International Academic Forum (IAFOR),1,0,1
Hollitzer Verlag,7,7,0
Shirshov Institute of Oceanology of Russian Academy of Sciences,2,0,2
IntechOpen,27,0,27
Papers in Physics,2,0,2
"Esmon Publicidad, SA",8,0,8
Human Kinetics,29,14,15
"World Health Organization, Western Pacific Regional Office",3,0,3
Programa de Educação Tutorial de Engenharia Elétrica - UFU,2,0,2
"Vandenhoeck & Ruprecht GmbH & Co, KG",6,5,1
ENAC,15,1,14
"Macrothink Institute, Inc.",4,0,4
Mendel University Press,1,0,1
Health Affairs (Project Hope),6,3,3
The Materials Research Society of Japan,1,0,1
Guilford Publications,3,1,2
Wikiversity Journal of Medicine,3,0,3
Board of Governors of the Federal Reserve System,4,1,3
Czestochowa University of Technology,11,0,11
Editura Universitatii Alexandru Ioan Cuza din Iasi,1,0,1
Bucharest University of Economic Studies,6,0,6
Armenian Green Publishing Co.,7,0,7
LLC Global Media Technology,1,0,1
Instituto de Ciencias Sociais,1,0,1
Museum and Institute of Zoology at the Polish Academy of Sciences,2,1,1
Vilnius Gediminas Technical University,6,0,6
The Oceanography Society,7,0,7
ISCA,57,0,57
Instytut Ekonomiki Rolnictwa i Gospodarki Zywnosciowej Panstwowy Instytut Badawczy,2,0,2
I MED Research Publications,4,0,4
National Institute for Health Research,17,16,1
Editora Dom Helder,2,0,2
EAGE Publications BV,19,14,5
Polskie Towarzystwo Kardiologiczne,1,0,1
Hrvatski Sumarski Institut (Croatian Forest Research),3,0,3
Center for Economic Integration,8,0,8
The French Language and Literature Association of Korea,3,3,0
Bononia University Press,5,0,5
Crimson Publishers,6,0,6
OpenEdition Press,8,0,8
Editorial Pontificia Universidad Javeriana,8,0,8
International Journal of Spine Surgery,1,0,1
International Union of Geological Sciences,2,0,2
EasyChair,4,0,4
American Society of Civil Engineers,8,7,1
Morgan & Claypool Publishers LLC,3,3,0
Hipatia Press,1,0,1
Universidade Federal de Pelotas,13,0,13
Oriental Scientific Publishing Company,5,0,5
Robotics: Science and Systems Foundation,2,0,2
Quebec Nursing Intervention Research Network,1,0,1
Omnia Publisher SL,2,0,2
European Alliance for Innovation n.o.,8,0,8
Entrepreneurship and Sustainability Center,2,0,2
Institute of Geophysics Polish Academy of Sciences,1,0,1
Universitat Politècnica València,27,0,27
"American Association of Petroleum Geologists, Society of Exploration Geophysicists, European Association of Geoscientists and Engineers, and Society of Petroleum Engineers",3,3,0
Society for Social Studies of Science (4S),1,0,1
Kyiv Politechnic Institute,4,0,4
The Korean Society of Water and Wastewater,1,1,0
The Chemical Society of Japan,6,2,4
Oncology Nursing Society (ONS),1,0,1
Wydawnictwo Naukowe Gabriel Borowski (WNGB),1,0,1
VLDB Endowment,11,3,8
Universite du Quebec a Chicoutimi,11,6,5
Florida Entomological Society,1,0,1
Informatics Publishing Limited,1,0,1
IEA SHC Task 54,3,0,3
Edizioni Minerva Medica,35,30,5
American Veterinary Medical Association (AVMA),6,6,0
S. Hirzel Verlag,14,1,13
Rhinology,6,1,5
International Association for Energy Economics (IAEE),7,4,3
Boom Uitgevers Den Haag,9,1,8
"Turkish Online Journal of Design, Art and Communication (TOJDAC)",1,0,1
Australian International Academic Centre,2,0,2
International Centre for Applied Thermodynamics (ICAT),2,0,2
Linköping University Electronic Press,9,0,9
Association Palaeovertebrata,3,1,2
Polskie Towarzystwo Diagnostyki Technicznej,2,0,2
Universidad Federal de Santa Maria,7,0,7
Editorial CSIC,20,0,20
Infectious Disease and Control Branch (IDPCB) - Public Health Agency of Canada,7,0,7
Universidad de Costa Rica,4,0,4
Universite Catholique de Louvain,93,4,89
MECS Publisher,2,0,2
"Instituto Nazionale di Geofisica e Vulcanologia, INGV",5,0,5
Physics Essays Publication,1,0,1
European Respiratory Society,322,306,16
Pro Pharma Communications International,2,0,2
Cornell University Press,4,4,0
Joule Inc.,9,0,9
American Psychological Association (APA),17,12,5
Verein zur Forderung der Fachzeitschrift European Journal for Philosophy of Religion,3,3,0
National Research and Development Institute for Industrial Ecology,4,0,4
American Roentgen Ray Society,13,12,1
Societatea Medicala Romana de Educatie Fizica si Sport/(SMREFS),1,1,0
Universidad de Chile,2,0,2
Edith Cowan University,3,0,3
KSI Research Inc. and Knowledge Systems Institute Graduate School,5,0,5
Centre for Business and Economic Research,1,0,1
International Joint Conferences on Artificial Intelligence Organization,40,0,40
Sciaccess Publishers LLC,1,0,1
Mathematical Society of Japan (Project Euclid),5,1,4
Societa Geologica Italiana,1,1,0
The Physiological Society,1,1,0
"ARKAT USA, Inc.",3,0,3
Geochimica Brasiliensis,1,1,0
Ital Publication,1,0,1
The Archives of Rheumatology,1,0,1
Universidade Catolica Portuguesa,1,0,1
éditions Quae,15,1,14
American Society of Microbiology,12,10,2
Brill | Sense,4,3,1
"University of Western Ontario, Western Libraries",3,0,3
"Hasanuddin University, Faculty of Law",1,0,1
Malaga University,5,0,5
Pontificia Universidad Catolica de Valparaiso,3,0,3
Symbiosis Group,6,0,6
Portal de Periodicos UFPB,10,1,9
Boffin Access Limited,2,0,2
MESTE NGO,3,0,3
American Academy of Sleep Medicine (AASM),7,0,7
Peter Lang CH,3,1,2
Polish Society of Theoretical and Applied Mechanics,3,0,3
American Animal Hospital Association,3,3,0
SRUMB - Romanian Society for Ultrasonography in Medicine and Biology,2,0,2
AOSIS,4,0,4
Turkish Journal of Surgery,1,0,1
Komitet Redakcyjno - Wydawniczy Polskiego Towarzystwa Psychiatrycznego,1,0,1
Ksiegarnia Akademicka Sp. z.o.o.,4,0,4
FSBEIHE North Caucasian Institute of Mining and Metallurgy (STU),2,0,2
Korean Continence Society,4,0,4
Korean Stroke Society,7,0,7
King Abdullah Petroleum Studies and Research Center,1,0,1
IMAPS - International Microelectronics Assembly and Packaging Society,2,2,0
The Korean Society of Pathologists and The Korean Society for Cytopathology,1,0,1
Facultad de Odontologia,1,0,1
Universidade Federal do Parana,3,0,3
NACE International,6,3,3
American Association of Avian Pathologists (AAAP),4,4,0
Faculdade de Letras da UFMG,4,0,4
University of Debrecen/ Debreceni Egyetem,3,0,3
Croatian Society for Medical Biochemistry and Laboratory Medicine,4,0,4
Lupine Publishers LLC,7,0,7
Universidad Nacional de Costa Rica,1,0,1
Our Solar Siblings,1,0,1
University of Tartu,5,0,5
Phanes,1,0,1
Gratis Open Access Publishers LLC,2,0,2
Publishing Center RIOR,1,0,1
Universitat de Valencia,9,0,9
Daedalus Enterprises,14,0,14
Open Access Publishers,2,0,2
University of Waterloo,1,0,1
National Institute of Standards and Technology (NIST),2,0,2
EDUFU - Editora da Universidade Federal de Uberlandia,10,0,10
State Educational-Scientific Establishment The Academy of Financial Management,1,0,1
Korean Society of Epidemiology,3,0,3
International Institute of Anticancer Research,2,1,1
Archaeopress Publishing Ltd,15,14,1
Journal of Mosaic Research,3,0,3
Facet,3,3,0
Ediciones Universidad de Salamanca,8,0,8
KMK Scientific Press,1,0,1
American Bryological and Lichenological Society,3,3,0
Herpetologists League,1,1,0
"Institute of Engineering Science, Ural Branch RAS",1,0,1
Springer Publishing Company,6,6,0
Practical Medicine Publishing House,3,3,0
Kritike: An Online Journal of Philosophy,1,0,1
"Institute of Vertebrate Biology, Academy of Sciences of the Czech Republic",2,2,0
British Ornithologists' Club,1,0,1
Cactus and Succulent Society of America,1,1,0
Society for Music Theory,3,0,3
Progedit - Progetti Editoriali srl,1,0,1
Servier International,3,0,3
"Harborside Press, LLC",4,0,4
Gruppo Italiano Frattura,3,0,3
VBRI Press AB,2,2,0
Istanbul University,1,0,1
Linkoping University Electronic Press,3,0,3
Slovenian Society for Stereology and Quantitative Image Analysis,3,0,3
Apple Academic Press,1,1,0
MDPI,17,0,17
Universidad Nacional de Rosario,1,0,1
Brock University Library,2,0,2
Latvia University of Life Sciences and Technologies,5,0,5
University of Hradec Kralove,3,0,3
Rivera Publications Inc.,1,0,1
Scandinavian University Press / Universitetsforlaget AS,9,0,9
Universidade Federal de Santa Catarina (UFSC),9,0,9
Aufklarung Journal of Philosophy,1,0,1
Editorial de la Universidad de Granada,4,0,4
IADIS - International Association for the Development of the Information Society,2,0,2
Societa Italiana di Vittimologia,2,0,2
Trakia University,8,0,8
Global Journal of Oral Science,1,1,0
Biomedical Research and Therapy,1,0,1
International Association for Food Protection,4,3,1
Oslo and Akershus University College of Applied Sciences,1,0,1
The IFS,3,0,3
Estudios Irlandeses,3,0,3
Casa Cărţii de Ştiinţă,2,0,2
Universidade de Estado do Rio de Janeiro,7,0,7
"Institute of Theoretical and Applied Informatics, Polish Academy of Sciences",1,0,1
Universidad del Valle,7,0,7
VIBGYOR ePress,3,0,3
Universidade Federal de Minas Gerais - Pro-Reitoria de Pesquisa,3,0,3
VostECO Ltd.,2,0,2
University of Warsaw,17,3,14
Galenos Yayinevi,8,0,8
Xia & He Publishing,2,0,2
Vital Biotech,1,0,1
International Federation of Infection Control,1,1,0
Sociedad Portuguesa de Psicologia da Saude,3,0,3
Revista Tempos e Espacos em Educacao,1,0,1
Sh.Marjani Institute of History of Tatarstan Academy of Sciences,2,0,2
Buketov Karaganda State University,4,0,4
Universiti Malaysia Pahang Publishing,2,0,2
Centro Universitario Sao Camilo - Sao Paulo,1,0,1
The Society of Korea Industrial and Systems Engineering,2,2,0
CMB Association,1,1,0
JVE International Ltd.,5,0,5
Andromeda Publishing and Education Services,1,0,1
University of Kerbala,1,0,1
Carl Hanser Verlag,12,11,1
Cogitatio,2,0,2
"Colegio Mexicano de Inmunologia Clinica y Alergia, A. C.",1,0,1
NeuroQuantology Journal,1,0,1
European Open Access Publishing (Europa Publishing),2,0,2
EduRad,1,0,1
Zhejiang University Press,3,1,2
International Mountain Society (IMS) and United Nations University,1,0,1
"National Museum, Czech Republic",2,0,2
Sociedad Mexicana de Investigacion y Divulgacion de la Educacion Matematica A. C.,3,0,3
"Life Science Alliance, LLC",10,0,10
Education and Technologies Association,1,1,0
Society of Ethnobiology,5,2,3
EDIPUCRS,8,0,8
American Society of Parasitologists,1,0,1
British Society for Plant Pathology,3,0,3
Journal of Integrated Circuits and Systems,3,0,3
Centro Universitario La Salle - UNILASALLE,2,0,2
The International Institute of Knowledge Management-TIIKM,1,0,1
ERM Publications,1,0,1
Faculdade Jesuita de Filosofia e Teologia – FAJE,2,0,2
Kremenchuk Mykhailo Ostohradskyi National University,3,0,3
Pushpa Publishing House,1,1,0
Universidade Caixias do Sul,2,0,2
Universidade Estadual de Campinas,5,0,5
Carleton University,1,0,1
Council for British Archaeology,2,0,2
UNS Solo,2,0,2
Volgograd State University,6,0,6
SJT Trivent SRL,3,0,3
LLC Kazan Publishing House,2,0,2
Led Edizioni Universitarie,7,1,6
Consejo Nacional de Educacion,3,0,3
Max Planck Institute for Demographic Research,3,0,3
Deakin University,1,0,1
Peter Lang D,4,1,3
FAI-UFSCar,1,0,1
Society of Pharmaceutical Tecnocrats,1,0,1
Korean Society of Plastic and Reconstructive Surgeons,3,0,3
Ommega Online Publishers,3,0,3
Sciedu Press,3,0,3
American Educational Research Association (AERA),1,1,0
Transducer Research Foundation,1,0,1
Adam Mickiewicz University Poznan,5,0,5
The Korean Movement Disorder Society,1,0,1
Universidade da Beira Interior,3,0,3
Bioinfo Publications,1,0,1
Nextgen Research Publications,3,0,3
NYU Press,1,1,0
LLC CPC Business Perspectives,2,0,2
Russian Journal of Agricultural and Socio-Economic Sciences,2,0,2
"West Pomeranian University of Technology, Szczecin",3,0,3
The Centre for Philosophical Research,2,0,2
European Journal of Chemistry,2,0,2
The Society of Materials Engineering for Resources of Japan,1,0,1
University of Economics and Human Sciences in Warsaw,1,0,1
Associacao Brasileira de Eletronica de Potencia SOBRAEP,1,0,1
Revista de Direito Administrativo and Constitucional,1,0,1
University Consortium for Geographic Information Science (UCGIS),2,1,1
Lebanon Support,1,0,1
BioMed Research Publishers,5,0,5
"ACCEFYN - Academia Colombiana de Ciencias Exactas, Fisicas y Naturales",1,0,1
Places Journal,1,1,0
Izmir Akdeniz Akademisi,2,0,2
Universidad Adolfo Ibanez,1,0,1
De Gruyter Oldenbourg,1,0,1
ICI Bucharest,2,0,2
Servicio de Publicaciones de la Universidad Autonoma de Madrid,5,0,5
Scientific Advances Publishers,3,0,3
National Academy of Sciences of the Republic of Kazakshtan,4,2,2
"AEPress, s.r.o.",1,0,1
Publishing House SB RAS,1,1,0
American Association of Zoo Veterinarians,2,1,1
Humboldt Field Research Institute,1,0,1
Indian National Science Academy,2,0,2
E.U. European Publishing,8,0,8
"Instituto Portugues de Relacoes Internacionais, Universidade Nova de Lisboa",1,0,1
Global Science Press,6,1,5
"Department of Food Science, Bogor Agricultural Food Science",3,0,3
Colegio Oficial de Ingenieros Agrónomos de Centro y Canarias,1,0,1
Polskie Naukowo-Techniczne Towarzystwo Eksploatacyjne,1,0,1
INCAS - National Institute for Aerospace Research Elie Carafoli,3,0,3
"SIGMA (Symmetry, Integrability and Geometry: Methods and Application)",6,0,6
Society of Fiber Science and Technology Japan,1,0,1
Transversal: International Journal for the Historiography of Science,4,0,4
Institute of Mathematics and its Applications,1,0,1
Uniwersytet Kardynala Stefana Wyszynskiego,1,0,1
Matej Bel University in Banska Bystrica,1,1,0
Society for Sedimentary Geology,6,5,1
"University of Zagreb, Faculty of Science, Department of Mathematics",1,0,1
Journal of Experimental Biology and Agricultural Sciences,5,0,5
Les Presses de l'Université d'Ottawa,1,1,0
IJARCS International Journal of Advanced Research in Computer Science,2,0,2
UACES,2,0,2
The Open Journal,3,0,3
Intersections,1,0,1
E-Tree Publishing,1,0,1
Korean Society for Microbiology and Biotechnology,2,0,2
Uniwersytet Przyrodniczy w Poznaniu (Poznan University of Life Sciences),3,0,3
Nosov Magnitogorsk State Technical University,1,0,1
Asian Concrete Federation,1,0,1
ClinMed International Library,2,0,2
"CSRC Publishing, Center for Sustaninability Research and Consultancy",1,0,1
Technomed Holdin­gs LLC,5,2,3
Uniwersytet Gdanski,1,0,1
Sri Lanka Journals Online (JOL),2,0,2
Asian Agricultural and Biological Engineering Association,1,1,0
Michigan Mathematical Journal,1,0,1
Universidad Nacional de Colombia,9,0,9
"Isaac Scientific Publishing Co., Ltd.",10,0,10
"Linha Unica - Edicao e Comunicacao em Saude e Desporto, Lda",1,0,1
Latin American Semiotics Association deSigniS,2,0,2
European Association of Geochemistry,13,0,13
Our Dermatology Online,2,0,2
Universidad Nacional de Cordoba,7,0,7
The Royal Australian College of General Practitioners,2,0,2
Universidade Tecnologica Federal do Parana (UTFPR),1,0,1
"Faculty of Marine Science and Fisheries, Hasanuddin University",1,1,0
Redfame Publishing,3,0,3
Universitas Pendidikan Indonesia (UPI),1,0,1
Distill Working Group,1,0,1
Universitat Rovira I Virgili,1,0,1
Sociedad Geologica Mexicana,1,0,1
Revista Mexicana de Ciencias Agricolas,2,0,2
Wilhelm Fink Verlag,1,1,0
Press of International Journal of Ophthalmology (IJO Press),1,0,1
Pontificia Universidade Catolica do Parana - PUCPR,8,0,8
Erasmus Journal for Philosophy and Economics,1,0,1
Geological Survey of Slovenia,1,0,1
Society for the Study of Amphibians and Reptiles,1,1,0
Springer Fachmedien Wiesbaden GmbH,2,1,1
Purdue University (bepress),1,0,1
Baskent University,5,4,1
Westminster Theological Seminary - WTS,6,0,6
International Society for Phytocosmetic Sciences,1,0,1
New York Business Global LLC,1,0,1
Pierre Guillot,1,0,1
Peter Lang UK,1,1,0
"Institute of Hematology, Catholic University",2,0,2
Brazilian Computer Society (Sociedade Brasileira de Computação - SBC),1,0,1
"Aurora Health Care, Inc.",1,1,0
Alexandru Ioan Cuza University,3,0,3
National Institute of Public Health – National Institute of Hygiene,2,0,2
Instituto de Estudios Auriseculares,3,0,3
Foundation Compositio Mathematica,6,0,6
Institute of Chemistry of Academy of Science of Moldova,1,0,1
Faculty of Technical Sciences,3,0,3
Healthcare of Kazakhstan,1,0,1
IBIMA Publishing,1,0,1
Uniwersytetu Marii Curie-Sklodowskiej w Lublinie,5,0,5
Akademia Humanistyczno-Ekonomiczna w Lodzi,4,0,4
Case Journals,2,2,0
Brighthall,1,0,1
Academic Publications,1,0,1
Mediterranean Journal of Chemistry,3,0,3
Vandenhoeck & Ruprecht,3,1,2
V&R unipress,2,2,0
"El Colegio de Mexico, A.C.",3,0,3
Edicions A Peticio,1,1,0
Pontificia Universidade Catolica de Goias -PUC Goias,1,0,1
Thieme Revinter Publicações Ltda,5,0,5
Eurasian Publications,2,0,2
International Academy Publishing (IAP),2,0,2
Stellenbosch University,5,0,5
MayDay Group,1,0,1
"Harrassowitz, O",6,6,0
VSB - Technical University of Ostrava,1,0,1
Acta Naturae Ltd,3,1,2
Aerospace Medical Association,2,2,0
Entomological Society of Southern Africa,4,4,0
"L and H Scientific Publishing, LLC",3,1,2
American Podiatric Medical Association,2,2,0
EManuscript Services,4,0,4
Universidade Estadual de Londrina,1,0,1
Odessa National Academy of Food Technologies,1,0,1
Surface Science Society Japan,1,0,1
De Gruyter Mouton,1,0,1
Materials Research Forum LLC,6,1,5
Intersentia,2,2,0
The Korean Society of Phycology,1,0,1
Societe de Philosophie des Sciences,5,0,5
Linguistic Society of America,6,0,6
American Physical Society,10,0,10
Avicenna Journals,9,0,9
Universidad de Huelva - UHU,4,0,4
Fundacion Iberoamericana De Las Industrias Culturales Y Creativas,2,0,2
Pereiaslav-Khmelnytskyi Hryhorii Skovoroda State Pedagogical University,1,0,1
Athabasca University Press,1,0,1
"Centre of Sociological Research, NGO",2,0,2
Revista aSEPHallus de Orientacao Lacaniana,3,0,3
Institute for Cognitive Science,1,0,1
American Public Health Association,11,1,10
"Faculty of Economics and Business, University of Zagreb",1,0,1
Nawroz University,2,0,2
Beyond the Horizon International Strategic Studies Group,1,0,1
"RISCOS - Associação Portuguesa de Riscos, Prevenção e Segurança",1,0,1
"Cardiofront, LLC",4,0,4
Universidad de Concepcion,3,0,3
Archives of Pathology and Laboratory Medicine,8,0,8
Fundacao Faculdade de Medicina,1,0,1
Instituto Estudios Fiscales,1,0,1
"Faculty of Philosophy, University of Novi Sad",1,0,1
New Prairie Press,2,0,2
Excellent Publishers,1,0,1
Ivan Franko National University of Lviv,3,0,3
The International Institute of Knowledge Management (TIIKM),4,0,4
European Regional Science Association,1,0,1
"BioInsights Publishing, Ltd.",1,0,1
Universidade Federal do Rio Grande do Sul,8,0,8
Document Academy,2,0,2
Institute of Metals and Technology,2,0,2
ECO-Vector LLC,1,0,1
Biomath Forum,3,0,3
Towarzystwo Naukowe W Toruniu,1,0,1
Index Copernicus,4,1,3
McMaster University Library Press,4,0,4
Universidade Estadual de Maringa,1,0,1
SBMAC,1,0,1
Publishing House Technologija,3,0,3
Universidade Federal da Bahia,2,0,2
The Journal of International Social Research,4,0,4
Rilem Publications SARL,2,0,2
"FSBI Center of Geodesy, Cartography, and SDI",1,1,0
Revista Grifos,1,0,1
Edizioni Ca Foscari,2,0,2
Korean Research Society of Physical Therapy,1,1,0
The Intelligent Networks and Systems Society,2,0,2
Engineering Research Publication ERP,2,0,2
Korean Society for Biochemistry and Molecular Biology - BMB Reports,1,0,1
Riga Technical University,3,0,3
Fundacao Edson Queiroz,4,0,4
American Society for Enology and Viticulture,1,1,0
International Global Health Society,4,0,4
ScienceOpen,13,0,13
"Publishing House for Science and Technology, Vietnam Academy of Science and Technology",7,2,5
Universidad ORT Uruguay,1,0,1
Bryansk State University,2,0,2
Openventio Publishers,9,0,9
Art-E Sanat Dergisi,1,0,1
Computing in Cardiology,24,0,24
Pirogov Russian National Research Medical University,1,0,1
"Frontline Medical Communications, Inc.",2,1,1
"Agrivita, Journal of Agricultural Science (AJAS)",1,0,1
American Society for Horticultural Science,2,0,2
International Journal of Advanced and Applied Sciences,2,0,2
Universidad de Valladolid,1,0,1
IM Publications Open LLP,2,0,2
"Scandinavian Journal of Work, Environment and Health",5,1,4
Czech Academy of Agricultural Sciences,7,0,7
ITMO University,2,0,2
Zeal Press,3,1,2
Presses de l'Université du Québec,3,3,0
Periodica Polytechnica Budapest University of Technology and Economics,2,0,2
Southern Cross Publishing,9,0,9
Society of Glass Technology,1,1,0
Academy & Industry Research Collaboration Center (AIRCC),3,0,3
Centro de Ensino Unificado de Brasilia,7,0,7
The Pipeline Transport Institute,3,3,0
American Association of Petroleum Geologists AAPG/Datapages,3,0,3
Contemporary Clinical Medicine,2,0,2
AEDERMACP (European Association for the Development of Renewable Energies and Power Quality),7,0,7
Biotechnical Faculty,2,0,2
HARD Publishing Company,1,0,1
Universitas Gadjah Mada,4,0,4
AI Access Foundation,5,0,5
"African Journal of Food, Agriculture, Nutrition and Development",1,0,1
Polish Geological Institute,1,0,1
Foundation of Computer Science,3,0,3
Universidad de Jaen,1,0,1
NIBD Journal of Health Sciences,2,0,2
Norden,5,5,0
James Cook University,2,0,2
Thieme Medical Publishers,2,2,0
Penerbit UTM Press,3,2,1
Cognitive-Crcs,1,0,1
International Journal for Research in Applied Science and Engineering Technology (IJRASET),1,0,1
Korean Society of Coloproctology,2,0,2
The Korean Society of Neurogastroenterology and Motility,2,0,2
Computational Structural Engineering Institute of Korea,2,2,0
The Korean Academy of Tuberculosis and Respiratory Diseases,1,0,1
The Korean Society of Cardiology,1,0,1
"SAGE Publications, Inc.",1,1,0
"Polska Akademia Nauk Instytut Paleobiologii (Institute of Paleobiology, Polish Academy of Sciences)",3,0,3
The Society of Laparoendoscopic Surgeons,2,0,2
Korean Neuropsychiatric Association,2,0,2
ZBW - German National Library of Economics,3,0,3
I.B. Tauris,2,2,0
Bloomsbury Publishing Plc,2,2,0
"University of Technology, Sydney",4,0,4
Centre Francais du Littoral,2,0,2
Polish Urological Association,1,0,1
Sociedade Paranaense de Matematica,1,0,1
Journal of Integrated Disaster Risk Management,1,0,1
Institute of Statistical Science,2,0,2
10.5935,1,0,1
Mushroom Research Foundation,2,0,2
Universities Federation for Animal Welfare,1,0,1
Fondazione Pro Herbario Mediterraneo,1,0,1
Estonian Literary Museum of Scholarly Press,6,1,5
University of Ljubljana,1,0,1
"Facultad Latinoamericana de Ciencias Sociales, Ecuador (FLACSO)",3,0,3
Classica - Revista Brasileira de Estudos Classicos,8,0,8
Desousa Foundation,1,0,1
Insight Turkey/SETA Vakfi,2,2,0
The Korean Society of Gastrointestinal Endoscopy,2,0,2
ASA,2,0,2
Nature Research Society,3,0,3
MIT Press,4,0,4
Japanese Circulation Society,4,0,4
Wydawnictwo Naukowe Uniwersytetu Mikołaja Kopernika,4,0,4
Japan Society of Mechanical Engineers,13,11,2
Hosokawa Powder Technology Foundation,3,0,3
FSAEIHE South Ural State University (National Research University),1,0,1
"Elmer Press, Inc.",6,0,6
Foundation for the Promotion and Accreditation of Economic Education,2,1,1
"Alcohol Research Documentation, Inc.",5,5,0
Petrozavodsk State University,1,0,1
European Real Estate Society,4,3,1
GENES,3,1,2
FORMATH Research Group,1,0,1
Association for Medical Education in Europe (AMEE),7,0,7
The Operations Research Society of Japan,1,0,1
ICE Publishing,8,6,2
The Sax Institute,1,0,1
Universite de Sherbrooke,1,0,1
National Academies Press,4,3,1
"Arán Ediciones, S.L.",2,0,2
Siberian Federal University,1,0,1
UCLA American Indian Studies Center,1,1,0
Instituto de Treinamento e Pesquisa em Gestalt Terapia,1,0,1
International Solar Energy Society,1,0,1
CRIFPE,1,0,1
Opuscula Zoologica,2,0,2
VSMU N.N. Burdenko,1,0,1
Poznan University of Economics,2,0,2
Sistema de Bibliotecas PUCP,3,0,3
sdvig press,3,0,3
Cirad,3,0,3
Primakov Institute of World Economy and International Relations,2,0,2
"Institute of Philosophy, Russian Academy of Sciences",3,0,3
Alexandrine Press,2,1,1
Sociedade Brasileira de Quimica (SBQ),8,0,8
IBGE,1,0,1
Celsius Publishing House,2,0,2
Penza State University,4,0,4
Japanese Society of Internal Medicine,2,0,2
Scitechnol Biosoft Pvt. Ltd.,6,2,4
Society for Modeling and Simulation International (SCS),1,0,1
Latvijas Universitāte,1,0,1
Asia Pacific Academy of Ophthalmology,4,0,4
Les Presses de l'Université de Montréal,2,2,0
ACTA Press,1,1,0
Iron and Steel Institute of Japan,1,0,1
Southern Scientific Center of the Russian Academy of Sciences,1,0,1
Západočeská univerzita,3,0,3
Astrakhan State Technical University,4,2,2
Fund for Support and Development of Protected Areas,1,0,1
"Psi Chi, the International Honor Society in Psychology",1,0,1
ACG Publications,2,0,2
Universidad de La Laguna. Servicio de Publicaciones,3,0,3
Latin American Studies Association,4,0,4
Earth and Planetary Physics,2,0,2
IFIASA (Ideas Forum International Academic and Scientific Association),4,0,4
Pan American Health Organization,5,0,5
NIIC SB RAS,1,1,0
Informing Science Institute,1,0,1
Institute for Applied and Pure Mathematics (IMPA),15,0,15
Eurowaste SRL,1,0,1
Ural Branch of the RAS,1,0,1
Publishing House of National Academy Agrarian Sciences of Ukraine,2,0,2
Eotvos Lorand University (ELTE),1,0,1
Institute of Croatian Language and Linguistics,3,0,3
Agencia Estatal de Meteorología,1,0,1
LLC Praktika,6,6,0
ENGRES - Engineering Research Technical Report,3,1,2
Lviv State University of Life Safety,1,0,1
Cognitive Computational Neuroscience,3,2,1
State Ecology Academy of Postgraduate Education and Management,1,0,1
Regional Euro-Asian Biological Invasions Centre Oy (REABIC),2,0,2
Sociedade Civil Educacional Tuiuti Limitada,4,0,4
Allied Academies,3,1,2
"Cognizant, LLC",1,1,0
Naturalis Biodiversity Center,2,0,2
Research Publishing Services,2,2,0
International Medical Press,11,3,8
Armand Colin,2,2,0
La Découverte,1,1,0
Southern African Wildlife Management Association,1,1,0
Transformative Works and Cultures,1,0,1
Japan Institute of Heterocyclic Chemistry,1,0,1
Korean Neurological Association,1,0,1
Centro de estudios mexicanos y centroamericanos,3,1,2
Institut de la gestion publique et du développement économique,2,1,1
Ledizioni,4,1,3
Presses des Mines,2,2,0
Éditions de la Sorbonne,8,6,2
Presses de l'Université Saint-Louis,7,3,4
Revista DESC - Direito Economia e Sociedade Contemporanea,2,0,2
CREA - DC,1,0,1
Bashkir State Agrarian University,1,0,1
Universidade Federal de Goias,5,0,5
Institute for Problems in Mechanical Engineering of the Russian Academy of Sciences - IPME RAS,2,0,2
Humanities Perspectives Limited,2,0,2
"University of Sarajevo, Institute for Genetic Engineering and Biotechnology",1,0,1
Programa de Pos-Graduacao em Letras Vernaculas - PPGLEV,1,0,1
"Science and Education Publishing Co., Ltd.",3,0,3
Croatian Conservation Institute,2,0,2
Uniwersytet Przyrodniczy we Wroclawiu,2,1,1
International Journal Education and Teaching,1,0,1
Coastal Engineering Research Council,4,0,4
Chelonian Conservation and Biology Journal,2,1,1
University of Minnesota Press,7,7,0
RAFT IT and Publications Pvt Limited,1,0,1
Uniwersytet Mikolaja Kopernika/Nicolaus Copernicus University,10,0,10
"Charles University in Prague, Karolinum Press",5,0,5
Ptolemy Scientific Research Press,3,0,3
EAI,1,0,1
The Korean Society of Veterinary Science,1,0,1
Central Fisheries Research Institute,1,0,1
Sistema de Bibliotecas UACH,1,0,1
Bloomsbury Publishing Inc,1,1,0
The Pennsylvania State University Press,1,1,0
Editorial Committee of Annals of Thoracic and Cardiovascular Surgery,1,0,1
Nomos Verlagsgesellschaft mbH & Co. KG,1,1,0
The Electrochemical Society of Japan,1,0,1
GN1 Genesis Network,5,0,5
Centre for Evaluation in Education and Science (CEON/CEES),1,0,1
PNG Publications,1,1,0
The MIT Press,2,2,0
Royal Botanical Gardens and Domain Trust,2,0,2
Phoenix,1,1,0
Universidad Catolica Luis Amigo,1,0,1
Universidad Catolica Silva Henriquez,1,0,1
American Academy of Implant Dentistry,2,2,0
Brazilian Society for Computational and Applied Mathematics (SBMAC),1,0,1
Humana Press,1,1,0
Instituto Colombiano de Antropologia e Historia (ICANH),2,0,2
Journal of Athletic Training/NATA,1,0,1
Associacao de Investigadores da Imagem em Movimento,2,0,2
Global Power and Propulsion Society,1,0,1
Universidade Federal de Juiz de Fora,2,0,2
AOTA Press,2,1,1
Centers for Disease Control MMWR Office,6,0,6
Center for Transportation Studies,1,0,1
Chiang Mai University,3,0,3
International Dermoscopy Society,2,0,2
David Publishing Company,3,0,3
Instituto Educacional Piracicabano da Igreja Metodista,1,0,1
Network of Young Doctors and Health Administrators,3,0,3
Japanese Society for Dental Materials and Devices,3,0,3
Pulmonary Hypertension Association,2,0,2
Korean Physical Society,1,1,0
Clujul Medical,1,0,1
University of Deusto,1,0,1
University of Arizona,1,0,1
The Korean Association for the Study of the Liver,1,0,1
Japan Radioisotope Association,1,0,1
Universidade Federal do Para,1,0,1
Fuji Technology Press Ltd.,4,4,0
Enviro Research Publishers,3,0,3
Escola Superior de Propaganda e Marketing (ESPM),1,0,1
Clio Arqueologica,2,0,2
Integrity Mega Research Publishers,1,0,1
AkiNik Publications,2,0,2
Japanese Society of Microbial Ecology,2,0,2
"Al Manhal FZ, LLC",1,0,1
Sociedade Brasileira de Telecomunicações,1,0,1
Croatian Association of Civil Engineers,1,0,1
AISTI,1,0,1
Vitebsk State Medical University,1,0,1
Eastern Macedonia and Thrace Institute of Technology,1,0,1
Gavin Publishers,4,0,4
Journal of Zankoy Sulaimani - Part A,3,0,3
Universidad Pedagogica y Tecnologica de Colombia,2,0,2
Universidade Federal do Rio Grande do Norte - UFRN,3,0,3
American Speech Language Hearing Association,5,2,3
Korean Society of Exercise Rehabilitation,2,0,2
Turkish Science and Technology Publishing (TURSTEP),1,0,1
Romanian Society of Gastroenterology and Hepatology,2,1,1
Universidad Nacional de Ingenieria,1,0,1
Historia Agraria,1,0,1
Practical Action Publishing,1,1,0
Lahore School of Economics,1,0,1
National Center for Biotechnology,2,2,0
Centro Cientifico Conhecer,1,0,1
Techmind Research Society,2,0,2
The Radio and Electronics Association of Vietnam (REV),1,0,1
Proskolar Publishers,1,0,1
Australian Journal of Information Systems,1,0,1
Asia Business Research Group,1,0,1
GeoScienceWorld,2,0,2
P2M Invest,1,1,0
Wydawnictwo Adam Marszalek,3,0,3
IOR Press,1,0,1
Aboutscience Srl,1,0,1
Veterinary World,4,0,4
American Journal of Science (AJS),4,2,2
The American Mosquito Control Association,1,0,1
Uchitel Publishing House,3,0,3
Mustansiriyah University College of Engineering,3,0,3
Society of Southwestern Entomologists,1,1,0
Zeppelini Editorial e Comunicacao,1,0,1
"Biology Centre, AS CR",1,0,1
UNESCO-IHP,1,0,1
Journal of Clinical Social Work and Health Intervention,1,0,1
Korean Ceramic Society,2,0,2
Archives of Endocrinology and Metabolism,1,0,1
Maxwell Scientific Publication Corp.,2,0,2
Serious Games Society,1,0,1
HealthMinds Consulting Pvt Ltd,1,0,1
Academy and Industry Research Collaboration Center (AIRCC),2,0,2
Diving and Hyperbaric Medicine Journal,3,0,3
Communications for Statistical Applications and Methods,1,0,1
ASM Press,1,1,0
Institut Za Noviju Istoriju Srbije,3,0,3
Ecancer Global Foundation,2,0,2
Hacettepe University Journal of Education,1,0,1
Geological Society of South Africa,1,0,1
NP Voprosy Ekonomiki,3,0,3
HACCP Consulting,1,0,1
Wageningen University and Research,2,0,2
Case Western Reserve University,1,0,1
Instituto Nacional de Investigacion y Tecnologia Agraria y Alimentaria (INIA),1,0,1
Revista Brasileira de Pesquisa Auto Biografica,2,0,2
International Journal of Medical Education,2,0,2
Historiska och litteraturhistoriska studier,1,0,1
Universidad Autonoma de Chile,2,2,0
Brazilian Society of Physical Activity and Health,1,0,1
Science International Corporation,1,0,1
Scholar Publishing,3,0,3
Kasetsart University and Development Institute,2,0,2
Wojewodztwo Mazowieckie,2,0,2
Mindtech S.A.S,2,0,2
Instituto Nacional de Administracion Publica,1,0,1
Medicinska Naklada d.o.o.,1,0,1
Swansea University,2,0,2
Asian Spine Journal (ASJ),3,0,3
Oil Gas Scientific Research Project Institute,2,0,2
Bilimsel Tip Publishing House,1,0,1
Annals of Family Medicine,1,0,1
Colloquium - New Philologies,1,0,1
Vytautas Magnus University,1,0,1
Revista Eletronica de Estudos Integrados em Discurso e Argumentacao,1,0,1
Association Science2 (Science Squared),1,0,1
Revista Juridica Digital UANDES,1,0,1
Vietnam National University Journal of Science,1,0,1
Universidad Nacional de Lanus,1,0,1
SAHkartell,1,0,1
University of Minho,3,0,3
Masaryk University Press,2,0,2
Universidad Autonoma Metropolitana,1,0,1
Revista Latina de Comunicación Social,1,0,1
Queen's University Library,3,0,3
International Research and Cooperation Association for Bio & Socio-Sciences Advancement (IRCA-BSSA),1,0,1
Rocky Mountain Mathematics Consortium,2,1,1
Journal of Literature and Science,1,0,1
Botanical Garden - Institute of the Far Eastern Branch of the RAS,1,0,1
International Association for Shell and Spatial Structures,1,0,1
College of Communication and Public Relations,1,0,1
Jornal Brasileiro de Economia da Saude,1,0,1
EpiSmart Science Vector Ltd,1,0,1
The Russian Academy of Sciences,2,2,0
Association for Information Systems,2,1,1
Ceramic Society of Japan,2,0,2
Universidad de Guadalajara,3,0,3
National Bureau of Economic Research,2,0,2
Finnish Zoological and Botanical Publishing Board,1,1,0
Journal of Orthopaedic & Sports Physical Therapy (JOSPT),1,1,0
Scalable Computing: Practice and Experience,2,0,2
Fundacao Getulio Vargas,1,0,1
UNED - Universidad Nacional de Educacion a Distancia,5,0,5
SciTech Solutions,3,0,3
Canadian Center of Science and Education,1,0,1
Finnish Journal of eHealth and eWelfare,1,0,1
Latvia University of Agriculture,1,0,1
National Parks Board,1,0,1
MedDocs Publishers LLC,2,0,2
Instituto Geologico y Minero de Espana,1,0,1
Dental Anthropology Association,1,0,1
EnPress Publisher,1,0,1
"Faculty of Civil Engineering, Architecture and Geodesy, University of Split",1,0,1
ZygoScient Research Insights Inc.,2,1,1
Fiocruz - Instituto de Tecnologia em Farmacos,1,0,1
Infra-M Academic Publishing House,2,0,2
"TSNS Interaktiv Plus, LLC",1,0,1
SHEE Prydniprovska State Academy of Civil Engineering and Architecture,1,0,1
Scientific Annals of Computer Science,1,0,1
IUScholarWorks,1,0,1
Shima Publishing,1,0,1
Institute of Combustion Problems,1,0,1
Ology Journals Kft,1,0,1
The Korean Society of Environmental Health and Toxicology,1,0,1
Research Institute of Asian Women,1,1,0
Slovenian Association Informatika,3,0,3
UCTEA Chamber of Textile Engineers,1,0,1
Institute of Advanced Engineering and Science,4,1,3
Minnesota Digital Library/University of Minnesota Libraries,1,0,1
UNISCI,2,1,1
Cleveland Clinic Journal of Medicine,1,0,1
Revista Internacional de Ciencias del Deporte (RICYDE),3,0,3
Instituto Universitario de Lisboa (ISCTE-IUL),2,0,2
Sneg,1,0,1
Sociedade Brasileira de Medicina de Familia e Comunidade (SBMFC),1,0,1
Palgrave Macmillan US,1,1,0
Canadian Association of Schools of Nursing,1,0,1
The Korean Association of Hepato-Biliary-Pancreatic Surgery,2,0,2
Internet Society,3,0,3
International Seed Testing Association,1,0,1
Editorial Department of Engineering Sciences,1,0,1
Osterreichische Akademie der Wissenschaften,3,1,2
Applied Ecology and Environmental Research,1,0,1
Biodiversity Science,3,1,2
Croatian Operational Research Society,1,0,1
Taras Shevchenko National University of Kyiv,2,0,2
Federal State-Financed Educational Institution of Higher Education Moscow State University of Psychology and Education,2,0,2
Russian State Social University,1,0,1
"Touch Medical Media, Ltd.",6,0,6
Knowledge Enterprise Journals,2,0,2
LLC Integration Education and Science,1,1,0
University of Economics,1,0,1
Journal of Lake Sciences,2,0,2
Columella,1,0,1
Alkhaer Publications,1,0,1
Studia Mundi - Economica,3,0,3
New Zealand Ecological Society,1,0,1
OLIMP,4,0,4
Keldysh Institute of Applied Mathematics,1,0,1
Japan Society for Analytical Chemistry,2,0,2
Japanese Society of Toxicology,1,0,1
"Remedium, Ltd.",1,0,1
International University of Sarajevo,1,0,1
Addleton Academic Publishers,1,0,1
The Academy of Transdisciplinary Learning and Advanced Studies,1,0,1
Japan Society for Aeronautical and Space Sciences,1,0,1
Edra SpA,1,0,1
Medwin Publishers,2,0,2
"Clausius Scientific Press, Inc.",2,0,2
Hawaii International Conference on System Sciences,1,0,1
Khayrallah Center for Lebanese Diaspora Studies,2,0,2
Dutch Bryological and Lichenological Society and Nordic Bryological Society,1,0,1
Frontiers in Bioscience,3,0,3
Iraqi Journal of Embryos and Infertility Researches,1,0,1
Mastology,5,0,5
Russian Space Systems,2,0,2
Institute of Physical Optics,1,0,1
Architectural Institute of Japan,1,0,1
Altai State Medical University,2,0,2
Kryvyi Rih National University,1,0,1
The Central Astronomical Observatory of the Russian Academy of Sciences at Pulkovo,1,0,1
Estonian Academy Publishers,2,0,2
Institute of Russian Literature Pushkinskij Dom RAN,1,0,1
Federal State Budgetary Educational Institution of Higher Education Moscow Pedagogical State University,1,0,1
Annals of Laboratory Medicine,2,0,2
Sphere Association,2,2,0
LASALLE College of the Arts,1,0,1
Editorial Universidad Santiago de Cali,1,0,1
Lviv University of Trade and Economics,2,2,0
Shanghai Institute of Optics and Fine Mechanics,1,0,1
Librairie Droz,1,1,0
Les Belles Lettres,1,1,0
Presses universitaires de Caen,1,1,0
International Journal of Green Technology,1,0,1
Universidad Miguel Hernandez de Elche,1,0,1
Avanti Publishers,1,1,0
Medpharm Publications,1,0,1
Galoa Events Proceedings,1,0,1
"Institute of Computer Science, Polish Academy of Sciences",2,0,2
"Institute of Agriculture and Life Science, Gyeongsang National University",1,1,0
Instituto Nacional de Psiquiatria Ramon de la Fuente Muniz,1,0,1
UGA Éditions,1,1,0
Korean Breast Cancer Society,1,0,1
Portuguese Society of Electrochemistry,1,0,1
Editora Cubo,1,0,1
Revista DAE,2,0,2
University of South Florida Libraries,2,0,2
National Cave and Karst Research Institute,2,0,2
Bloomsbury Visual Arts,1,1,0
I.B.Tauris & Co. Ltd,1,1,0
Bloomsbury Publishing,1,1,0
Bloomsbury Academic,1,1,0
Hamad bin Khalifa University Press (HBKU Press),1,0,1
Japan Oil Chemists' Society,1,0,1
Modern Humanities Research Association,1,1,0
Sociedade Brasileira de Cardiologia,2,0,2
EURICSE - European Research Institute on Cooperative and Social Enterprises,1,0,1
"EJPB, ISPB, CPBG - Tamil Nadu Agricultural University",1,0,1
"American Museum of Natural History,",1,1,0
International Phototherapy Association,2,0,2
Scrivener Publishing,1,0,1
College of Psychiatric and Neurologic Pharmacists (CPNP),1,0,1
The Society of Instrument and Control Engineers,2,0,2
Associacao Brasileira de Psicologia,1,0,1
Universidad Nacional Del Altiplano Puno Peru,1,0,1
Sreyas Institute of Engineering and Technology,1,0,1
Socidrogalcohol,4,0,4
American Society of Interventional Pain Physicians,1,0,1
Mineralogical Association of Canada,2,1,1
The Korean Society for Bio-Environment Control,1,1,0
ASME Press,2,0,2
IBM,1,0,1
Max Planck Institut fur europaische Rechtsgeschichte,1,0,1
Korean Neurotraumatology Society,1,0,1
Institute of Sociology of the Academy of Sciences of the Czech Republic,1,0,1
Asosiasi Agroindustri Indonesia (AGRIN),1,0,1
Louisiana State University Libraries,4,0,4
The Institute for Research and Community Services (LPPM) ITB,1,0,1
Paul Mellon Centre for Studies in British Art,1,0,1
Lepidus Tecnologia,2,0,2
California Digital Library (CDL),1,0,1
BioExcel,1,0,1
Verizona Publisher Limited,1,0,1
Instituto de Investigaciones Dr. Jose Maria Luis Mora,1,0,1
BMJ Publishing Group Ltd and Royal College of Paediatrics and Child Health,2,0,2
Universidade Federal do Tocantins,1,0,1
Institute of Information Theory and Automation,1,0,1
International Journal of Advanced Science and Engineering(IJASE),1,1,0
Rzeszow University of Technology,1,0,1
Science and Technology Studies,1,0,1
Asociacion Espanola de Ciencia Politica y de al Administracion,1,0,1
"Universitas Indonesia, Directorate of Research and Public Service",1,0,1
Creative Research Publishers,1,0,1
SciVision Publishers LLC,3,0,3
Centro de Investigaciones y Publicaciones Farmaceuticas (CIPF),1,0,1
Czech Geological Survey,2,0,2
"Medical Publishing, d.o.o.",1,0,1
Hellenic Psychiatric Association,1,0,1
Missouri Botanical Garden Press,2,2,0
National and University Library of the Republic of Srpska,1,0,1
Tadqiqot,1,0,1
Cancer Research Frontiers,1,0,1
Universidad Juarez Autonoma de Tabasco,1,0,1
International Journal of Technology,3,0,3
Western Journal of Emergency Medicine,2,0,2
Innovare Academic Sciences Pvt Ltd,1,0,1
Universidad de Oviedo,1,0,1
European Association of Cardiothoracic Surgery (EACTS Publishing Ltd),2,2,0
Universidad del Bio Bio,1,0,1
The Crystallographic Society of Japan,1,0,1
Korean Society of Biological Nursing Science,1,0,1
Savvy Science Publisher,1,1,0
Editora Letra1,1,0,1
Institute of Physiology of the Czech Academy of Sciences,2,0,2
The Research Center of the Slovenian Academy of Sciences and Arts / Znanstvenoraziskovalni center Slovenske akademije znanosti in umetnosti (ZRC SAZU),1,0,1
Korean Society of Ultrasound in Medicine,1,0,1
The Atomic Energy Society of Japan,1,0,1
Centro de Ciencias de la Atmosfera,1,0,1
Triveni Enterprises,3,0,3
Sociedade Brasileira de Carcinologia,1,0,1
Brill | Nijhoff,1,0,1
American Society for Photogrammetry and Remote Sensing,1,0,1
American Society of Mining and Reclamation (ASMR),1,0,1
Trace - Finnish Journal for Human-Animal Studies,1,0,1
Negah Scientific Publisher,2,0,2
National Documentation Centre,1,0,1
Victoria University,1,0,1
Revista de Empreendedorismo e Gestao de Pequenas Empresas (REGEPE),1,0,1
International Water Association,1,0,1
Firenze University Press,1,1,0
National Society of Ecological Engineering and Environment Protection,1,0,1
Russian Photodynamic Association,1,0,1
Cumhuriyet University Sciences Journal,1,0,1
"University of Zagreb, Department of Geography",1,0,1
National Institute of Telecommunications,2,0,2
Universidade Federal de Sao Paulo,1,0,1
Royal College of General Practitioners,1,0,1
Agora University of Oradea,2,0,2
Journal of Pure and Applied Microbiology,1,0,1
White Horse Press,1,1,0
ASNT,1,1,0
Petra Christian University,1,0,1
Universidade Estadual de Feira de Santana,1,0,1
CIRWOLRD,2,0,2
Open Science Journal,1,0,1
The Korean Society of Toxicology,1,0,1
Institute of Electrical Engineers of Japan (IEE Japan),1,1,0
Imprensa de Ciências Sociais,1,0,1
Korean Association of Internal Medicine,1,0,1
Western Field Ornithologists,1,0,1
Romanian Association of Balneology,1,0,1
Universidade da Coruna,2,0,2
A. N. Nesmeyanov Institute of Organoelement Compounds of the Russian Academy of Sciences - INEOS RAS,1,0,1
BioResources,1,0,1
SIPPB SB RAS,1,0,1
American Peanut Research and Education Society,1,0,1
"Peter Lang, International Academic Publishers",1,1,0
King Faisal Specialist Hospital and Research Centre,1,0,1
Universidad Tecnica Estatal de Quevedo,1,0,1
Canadian Geriatrics Society,1,0,1
World trade organization,1,1,0
TSNS Interaktiv Plus,1,0,1
Eszterházy Károly University,1,0,1
Society for Sociological Science,1,0,1
Anthropological Society of Nippon,1,0,1
Pesticide Science Society of Japan,1,0,1
Johnson Matthey,1,0,1
Centro Interdisciplinario de Investigaciones en Psicologia Matematic,1,0,1
Acta Zoologica Hungarica,1,0,1
ResearchersLinks Ltd,1,0,1
Ivanovo State Power University (ISPU),2,0,2
Instituto Federal do Amapa,2,0,2
Journal of Latino/Latin American Studies,1,1,0
Samara National Research University,1,0,1
Georesursy,1,0,1
Bauman Moscow State Technical University,1,0,1
American Innovative Medical Sciences and Technologies (AIMSCI) Inc.,1,1,0
Tyumen Scientific Center of the SB RAS,2,0,2
"Universidade do Porto, Faculdade de Letras",1,0,1
Scientific Journal Publishers Ltd,1,1,0
Amur State University,1,0,1
Geochemical Society of Japan,1,1,0
University of Rhode Island,1,0,1
Kemerovo State Medical University,1,0,1
University of West Bohemia,1,0,1
Indonesia Society of Neuroanesthesia and Critical Care (INA-SNACC),2,0,2
CourseSource,1,0,1
Avicenna Tajik State Medical University,1,0,1
Universidad de La Laguna,2,0,2
Novosibirsk State University (NSU),4,1,3
ROPOSTURO Romanian Association of Oral Rehabilitation and Posturotherapy,2,0,2
"Japanese Society of Agricultural, Biological and Environmental Engineers and Scientists",1,0,1
Universidad de Lima,1,0,1
Cultura y Representaciones Sociales,1,1,0
Heighten Science Publications Corporation,1,0,1
Sun Publications,1,0,1
Westerdijk Fungal Biodiversity Institute,2,0,2
"Association of Economists and Managers of the Balkans, Belgrade, Serbia et all",1,0,1
"University of Split, Arts Academy in Split; University of Split, Faculty of Civil Engineering, Architecture and Geodesy",1,1,0
Frontier Research Today S A,1,0,1
SE Institute of Grain Crops of National Academy of Agrarian Sciences of Ukraine,1,0,1
The Federal State Educational Institution Of Higher Education Altai State Institute Of Culture,1,0,1
The Institute of Pedagogy of the National Academy of Pedagogical Sciences of Ukraine,1,0,1
L. N. Gumilyov Eurasian National University,2,0,2
Scientific Bulletin of the Odessa National Economic University,1,0,1
University of Customs and Finance,1,0,1
Research Institute of Private Law and Entrepreneurship named after Academician F.H. Burchak of the National Academy of Legal Sciences of Ukraine,1,0,1
Alta Astra LLC,1,0,1
Presses universitaires de Grenoble,1,1,0
University of Michigan Press,1,0,1
Editorial UNRN,1,0,1
Institut de recherche sur l’Asie du Sud-Est contemporaine,1,1,0
Publications des Archives nationales,1,0,1
T.M.C. Asser Press,2,1,1
Ideas Spread,1,0,1
Universidade Catolica de Pernambuco,1,0,1
Universidad Femenina Del Sagrado Corazon,1,0,1
Research Institute for Fruit Growing,1,0,1
V.V. Dokuchaev Soil Science Institute,1,0,1
Kharkiv Medical Academy of Postgraduate Education KHMAPO,1,0,1
Coleopterists Society,1,1,0
Katolicki Uniwersytet Lubelski Jana Pawla II,4,0,4
Revista Informacao em Pauta,1,0,1
Image Processing On Line,2,0,2
Universidad de Santiago de Compostela,1,0,1
Revista Direitos Sociais e Politicas Publicas UNIFAFIBE,1,0,1
Asociatia LUMEN,3,1,2
Korean Society for Advanced Composite Structures,1,1,0
Korean Society of Environmental Biology,1,1,0
Badan Penelitian dan Pengembangan Kemdikbud,1,0,1
Archeologicke Centrum Olomouc,3,0,3
Institutul de Stiinte ale Educatiei (Institute of Educational Sciences),1,0,1
Wydawnictwo i Pracownia Archeologiczna PROFIL-ARCHEO,1,0,1
University of Pennsylvania Press,1,1,0
Mercator - Revista de Geografia da UFC,1,0,1
Faculty of Mechanical Engineering,1,0,1
Seed SRL,1,0,1
Department for Education,1,0,1
Society of Conservatoire at Jardin Botaniques de la Ville de Geneve,3,2,1
ANPAD,2,0,2
Beyond the Horizon ISSG,1,1,0
Federal State Budgetary Scientific Institution All-Russian Horticultural Institute for Breeding Agrotechnology and Nursery,1,0,1
"UUM Press, Universiti Utara Malaysia",1,0,1
University Press of Colorado,1,0,1
Prof. Marin Drinov Publishing House of BAS (Bulgarian Academy of Sciences),1,0,1
PiscoMed Publishing Pte Ltd,1,0,1
Grupo de Estudios en Seguridad Internacional (GESI),1,0,1
Revista Direitos Culturais,1,0,1
ICT Academy,1,0,1
"Universidad de Los Lagos, Chile",1,0,1
Clinics Cardive Publishing,2,0,2
Gesellschaft Schweizer Tierarztinnen und Tierarzte,1,1,0
Sumy State Pedagogical University named A.S.Makarenko,1,0,1
Kalvis,1,1,0
"Institute of Mathematics, Czech Academy of Sciences",2,0,2
Scienceweb Publishing,1,0,1
All-Russia Research Institute of Oil Crops by Pustovoit V.S.,1,0,1
NADIA,1,0,1
Programa de Pos-Graduacao em Ciencias da Linguagem - PPGCL/UNIVAS,2,0,2
Burleigh Dodds Science Publishing,3,3,0
Aarhus University Library,1,0,1
University of Wisconsin Press,3,2,1
North American Cartographic Information Society,1,0,1
ANPOCS,1,0,1
Association of Basic Medical Sciences of FBIH,1,0,1
University of South Bohemia in Ceske Budejovice,1,0,1
EMBnet Stichting,1,0,1
"Faculty of Sciences, University of Novi Sad",1,0,1
Croatian Association of Researchers in Children's Literature,1,0,1
Universidad Autonoma de Aguascalientes,1,0,1
Revista Eletronica Cientifica Ensino Interdisciplinar,1,0,1
Czech Technical University in Prague - Central Library,1,0,1
The Membrane Society of Korea,1,1,0
The Materials Research Society of Korea,1,0,1
Voprosy Literatury,1,1,0
Instituto Nacional de Salud (Peru),1,0,1
Universidad Nacional de Tujillo,1,0,1
Universidad de Bogota Jorge Tadeo Lozano,2,0,2
The Korean Electrochemical Society - English Journal,1,0,1
Academic Journals,1,0,1
Universidad San Francisco De Quito,1,0,1
American Accounting Association,1,1,0
Universitas Jenderal Soedirman,1,0,1
Akshantala Enterprises Private Limited,1,0,1
Chapman and Hall/CRC,1,1,0
The Science and Information Organization,1,0,1
COPD Foundation,1,0,1
Vanderbilt University Library,1,1,0
"Division of Functional Equations, The Mathematical Society of Japan (JST)",1,0,1
Kaleidoscope History,1,1,0
Sociedad Espanola de Patologia Digestiva (SEPD),1,1,0
Belgorod National Research University,1,0,1
Asian Educational Journal Publishing Group,1,0,1
The Forest Herbarium,1,0,1
Universidad CES,1,0,1
Moscow Witte University,1,0,1
Federal Reserve Bank of Philadelphia,1,0,1
Information Processing Society of Japan,1,0,1
Society of Computer Chemistry Japan,1,0,1
Japanese Society for Horticultural Science,1,0,1
Uniwersytet Opolski,1,0,1
Presses Universitaires de la Méditerranée - PULM,1,0,1
Revista Brasileira de Orientacao Profissional,1,0,1
Andover House Inc,1,0,1
Lesya Ukrainka Eastern European National University,1,0,1
"Max Planck Institute for the Study of Crime, Security and Law",1,0,1
Institute of Marine Geology and Geophysics of the Far East Branch of the RAS,1,0,1
American Association for Laboratory Animal Science,1,0,1
Institute of Slavic Studies of the Russian Academy of Sciences,1,1,0
Siec Badawcza Lukasiewicz - Instytut Metalurgii Zelaza im. St. Staszica,1,0,1
Market Economy Institute of RAS - MEI RAS,1,0,1
Universitatea Vest din Timisoara,1,0,1
Publications de l’École française de Rome,1,0,1
Revista Jangada: Critica Literatura Artes,1,0,1
Universidad Pedagogica Nacional,2,0,2
Institute of Applied Mechanics of Russian Academy of Sciences,1,1,0
School of Electrical Engineering and Informatics (STEI) ITB,1,0,1
Edizioni Danaus sas,1,0,1
The Polynesian Society,1,1,0
Lepidopterists' Society,1,1,0
Society of Petroleum Engineers (SPE),3,1,2
Institute of Geophysics of the National Academy of Sciences of Ukraine by S.I. Subbotin name,1,0,1
"The Raptor Research Foundation, Inc.",1,1,0
Society of Economic Geologists,1,1,0
American Museum of Natural History (BioOne sponsored),1,0,1
Birlesik Dunya Yenilik Arastirma ve Yayincilik Merkezi,1,0,1
Sociedad Mexicana de Fisica A C,1,0,1
Nofer Institute of Occupational Medicine,1,0,1
Canadian Urological Association Journal,1,0,1
"Instituto de Ecologia, A.C.",1,0,1
University of Wyoming Libraries,1,0,1
Zoological Institute of the Russian Academy of Sciences,1,0,1
University of Groningen Press,3,0,3
The Korean Radioactive Waste Society,1,0,1
Academia Brasileira de Direito Constitucional,1,0,1
National Shellfisheries Association,1,0,1
Information Age,1,1,0
Transportation Research Board,1,1,0
Society for Artistic Research,1,1,0
Lyson Center for Civic Agriculture and Food Systems,1,0,1
Hypothekai,1,0,1
Society of Rheology Japan,1,0,1
Henri Coanda Air Force Academy,1,0,1
International Institute for Applied Knowledge Management - IIAKM,1,0,1
IMEKO International Measurement Confederation,1,0,1
Ragnar Nurkse Department of Innovation and Governance,1,0,1
Cambridge Encyclopedia of Anthropology,1,0,1
"Horizon Research Publishing Co., Ltd.",2,0,2
"Sel'skokhozyaistvennaya Biologiya Editorial Office (SBEO), NPO",1,1,0
Penerbit UTHM,1,0,1
"DEStech Publications, Inc.",1,1,0
Yale School of Management,1,1,0
The Korean Surgical Society,1,0,1
ACTA Endocrinologica Foundation,1,0,1
Taiwan Association for Aerosol Research,1,0,1
Steklov Mathematical Institute,2,1,1
Scholarpedia,1,0,1
The Nihon University Medical Association,1,0,1
Dialogue and Discourse,1,0,1
Colegio Oficial de Psicologos de Madrid,1,0,1
FRACTAL EDITORA LTDA,1,1,0
Bulletin of Marine Science,1,1,0
Kare Publishing,1,0,1
Japanese Society for Plant Cell and Molecular Biology,1,0,1
Journal of Graph Algorithms and Applications,1,0,1
Asociacion Cientifica ICONO14,1,0,1
Institute of Continuous Media Mechanics,1,0,1
Herbert Publications PVT LTD,1,0,1
Clinical Laboratory Publications,1,0,1
The Korean Society of Applied Pharmacology,1,0,1
Revista da Faculdade de Direito da UFMG,1,0,1
Universidad de la Rioja,1,0,1
Consortium of Multiple Sclerosis Centers,1,0,1
Lembaga Penelitian dan Pengabdian kepada Masyarakat ITS,2,0,2
Knowledge Kingdom Publishing,1,0,1
Communications in Advanced Mathematical Sciences,1,0,1
Co. Ltd. Ukrinformnauka,2,0,2
Inter-American Development Bank,1,1,0
University of Porto,1,0,1
IBERAMIA: Sociedad Iberoamericana de Inteligencia Artificial,1,0,1
Northern California Open Access Publications,1,0,1
"Wydawnictwo SIGMA-NOT, sp. z.o.o.",1,0,1
Peertechz Publications Private Limited,1,0,1
Instituto Brasileiro de Avaliacao Psicologica (IBAP),1,0,1
"Nicholson School of Communication, UCF",1,0,1
Slovak University of Agriculture in Nitra,1,0,1
iMedPharm,1,0,1
Brazilian Center for Physical Research,1,0,1
NAIK Research Institute of Agricultural Economics,1,0,1
Universidad Icesi,1,0,1
Universitas Papua,1,1,0
Asociacion Española de Ecologia Terrestre (AEET),1,1,0
International Society for Gerontechnology (ISG),2,1,1
Association of Doctors for Holistic Care,1,0,1
Corporacion Universitaria Remington,1,0,1
Universidade Federal de Alogoas,1,0,1
Deutsche Zeitschrift Fur Sportmedizin/German Journal of Sports Medicine,1,0,1
Journal of Biological Methods,1,0,1
Egitim Danismanligi ve Arastirmalari (EDAM),1,0,1
EconoQuantum,1,0,1
AIRCC Publishing Corporation,1,0,1
Kenyatta University,1,0,1
REBECA - Revista Brasileira de Estudos de Cinema e Audiovisual,1,0,1
LLC MAKS Press,1,0,1
"Scientific Big Data, S.L.",1,0,1
"Editorial Board of Journal Radioelectronics, Nanosystems, Information Technology RENSIT",1,0,1
Silesian University of Technology,1,0,1
Institute for Linguistic Studies Russian Academy of Sciences,1,0,1
UiT The Arctic University of Norway,1,0,1
"Faculty of Mechanical Engineering and Naval Architecture, Univ. of Zagreb",1,0,1
Centre français des études éthiopiennes,1,0,1
Universidade Estadual da Paraiba/Universidade Federal Rural de Pernambuco (Ethnobiology and Conservation),1,0,1
Austrian Statistical Society,1,0,1
World Public Health Nutrition Association,1,0,1
Cloud Publications,1,0,1
RCN Publishing Ltd.,1,0,1
Illinois State University,1,0,1
Japanese Society of Veterinary Science,1,0,1
"Allergy, Asthma, and Immunology Association of Thailand",1,0,1
Dartmouth College Library Press,1,0,1
Coimbra University Press,1,0,1
Mediterranean Journal of Humanities,1,0,1
Revista da FAEEBA,1,0,1
Forman Christian College - A Chartered University,1,0,1
Universidad Diego Portales,1,0,1
Universidad de Valparaiso Chile,1,0,1
Institute of Oceanography and Fisheries,1,0,1
Escola de Psicanalise dos Foruns do Campo Lacaniano,1,0,1
National University of Science and Technology MISiS,1,0,1
Agrotropica,1,0,1
